# Camera list with one line of data per camera:
#   CAMERA_ID, MODEL, WIDTH, HEIGHT, PARAMS[]
# Number of cameras: 21
2 SIMPLE_RADIAL 1920 1080 1551.388034851137 960 540 0.02253358548123963
3 SIMPLE_RADIAL 1920 1080 1554.2509978526239 960 540 0.011364543650852273
4 SIMPLE_RADIAL 1920 1080 1565.1525637454511 960 540 0.1114899944726634
5 SIMPLE_RADIAL 1920 1080 1613.904811567199 960 540 0.023883857680646527
7 SIMPLE_RADIAL 1920 1080 1613.4838012533676 960 540 0.028662329703507537
8 SIMPLE_RADIAL 1920 1080 1634.7484685581469 960 540 0.025622827600486876
9 SIMPLE_RADIAL 1920 1080 1652.6545301952992 960 540 -0.01009462021826987
10 SIMPLE_RADIAL 1920 1080 1656.9744916664567 960 540 -0.011712494303504229
11 SIMPLE_RADIAL 1920 1080 1600.1048779529663 960 540 0.028260734543747144
12 SIMPLE_RADIAL 1920 1080 1610.7030090874764 960 540 0.022862646112480345
13 SIMPLE_RADIAL 1920 1080 1585.9791781562649 960 540 0.01721971802228494
14 SIMPLE_RADIAL 1920 1080 1560.5078238147335 960 540 -0.0077463348238292389
15 SIMPLE_RADIAL 1920 1080 1529.4653953849947 960 540 -0.042924300313510334
16 SIMPLE_RADIAL 1920 1080 1496.3555326445201 960 540 -0.083129569334006698
18 SIMPLE_RADIAL 1920 1080 1467.6010497626305 960 540 -0.057813035771463218
19 SIMPLE_RADIAL 1920 1080 1434.8745749286104 960 540 -0.036640768846093581
20 SIMPLE_RADIAL 1920 1080 1442.6593028253444 960 540 -0.024406297046862469
40 SIMPLE_RADIAL 1920 1080 1564.3332865159268 960 540 0.0063880126156956527
41 SIMPLE_RADIAL 1920 1080 1447.8274036433224 960 540 -0.038321241666442948
42 SIMPLE_RADIAL 1920 1080 1477.8312725211124 960 540 -0.1203772853308174
43 SIMPLE_RADIAL 1920 1080 1520.2187664817689 960 540 -0.076300631464236782
